False 0000
--------------------------------------------------------------------------------
0 0 0
1 0 0
0 1 0
1 1 0

And 1000
--------------------------------------------------------------------------------
0 0 0
1 0 0
0 1 0
1 1 1

CNonImpl 0010
--------------------------------------------------------------------------------
0 0 0
1 0 1
0 1 0
1 1 0

LProject 1010
--------------------------------------------------------------------------------
0 0 0
1 0 1
0 1 0
1 1 1

NonImpl 0100
--------------------------------------------------------------------------------
0 0 0
1 0 0
0 1 1
1 1 0

RProject 1100
--------------------------------------------------------------------------------
0 0 0
1 0 0
0 1 1
1 1 1

Xor 0110
--------------------------------------------------------------------------------
0 0 0
1 0 1
0 1 1
1 1 0

Or 1110
--------------------------------------------------------------------------------
0 0 0
1 0 1
0 1 1
1 1 1

Nor 0001
--------------------------------------------------------------------------------
0 0 1
1 0 0
0 1 0
1 1 0

Xnor 1001
--------------------------------------------------------------------------------
0 0 1
1 0 0
0 1 0
1 1 1

RNot 0011
--------------------------------------------------------------------------------
0 0 1
1 0 1
0 1 0
1 1 0

Impl 1011
--------------------------------------------------------------------------------
0 0 1
1 0 1
0 1 0
1 1 1

LNot 0101
--------------------------------------------------------------------------------
0 0 1
1 0 0
0 1 1
1 1 0

CImpl 1101
--------------------------------------------------------------------------------
0 0 1
1 0 0
0 1 1
1 1 1

Nand 0111
--------------------------------------------------------------------------------
0 0 1
1 0 1
0 1 1
1 1 0

True 1111
--------------------------------------------------------------------------------
0 0 1
1 0 1
0 1 1
1 1 1

Table 0000
--------------------------------------------------------------------------------
0 0 0
1 0 0
0 1 0
1 1 0

Table 0001
--------------------------------------------------------------------------------
0 0 1
1 0 0
0 1 0
1 1 0

Table 0010
--------------------------------------------------------------------------------
0 0 0
1 0 1
0 1 0
1 1 0

Table 0011
--------------------------------------------------------------------------------
0 0 1
1 0 1
0 1 0
1 1 0

Table 0100
--------------------------------------------------------------------------------
0 0 0
1 0 0
0 1 1
1 1 0

Table 0101
--------------------------------------------------------------------------------
0 0 1
1 0 0
0 1 1
1 1 0

Table 0110
--------------------------------------------------------------------------------
0 0 0
1 0 1
0 1 1
1 1 0

Table 0111
--------------------------------------------------------------------------------
0 0 1
1 0 1
0 1 1
1 1 0

Table 1000
--------------------------------------------------------------------------------
0 0 0
1 0 0
0 1 0
1 1 1

Table 1001
--------------------------------------------------------------------------------
0 0 1
1 0 0
0 1 0
1 1 1

Table 1010
--------------------------------------------------------------------------------
0 0 0
1 0 1
0 1 0
1 1 1

Table 1011
--------------------------------------------------------------------------------
0 0 1
1 0 1
0 1 0
1 1 1

Table 1100
--------------------------------------------------------------------------------
0 0 0
1 0 0
0 1 1
1 1 1

Table 1101
--------------------------------------------------------------------------------
0 0 1
1 0 0
0 1 1
1 1 1

Table 1110
--------------------------------------------------------------------------------
0 0 0
1 0 1
0 1 1
1 1 1

Table 1111
--------------------------------------------------------------------------------
0 0 1
1 0 1
0 1 1
1 1 1

