X01 00000001
--------------------------------------------------------------------------------
0 0 0 1
1 0 0 0
0 1 0 0
1 1 0 0
0 0 1 0
1 0 1 0
1 1 0 0
1 1 1 0

X02 00000010
--------------------------------------------------------------------------------
0 0 0 0
1 0 0 1
0 1 0 0
1 1 0 0
0 0 1 0
1 0 1 0
1 1 0 0
1 1 1 0

X03 00000011
--------------------------------------------------------------------------------
0 0 0 1
1 0 0 1
0 1 0 0
1 1 0 0
0 0 1 0
1 0 1 0
1 1 0 0
1 1 1 0

X04 00000100
--------------------------------------------------------------------------------
0 0 0 0
1 0 0 0
0 1 0 1
1 1 0 0
0 0 1 0
1 0 1 0
1 1 0 0
1 1 1 0

X05 00000101
--------------------------------------------------------------------------------
0 0 0 1
1 0 0 0
0 1 0 1
1 1 0 0
0 0 1 0
1 0 1 0
1 1 0 0
1 1 1 0

X06 00000110
--------------------------------------------------------------------------------
0 0 0 0
1 0 0 1
0 1 0 1
1 1 0 0
0 0 1 0
1 0 1 0
1 1 0 0
1 1 1 0

X07 00000111
--------------------------------------------------------------------------------
0 0 0 1
1 0 0 1
0 1 0 1
1 1 0 0
0 0 1 0
1 0 1 0
1 1 0 0
1 1 1 0

X08 00001000
--------------------------------------------------------------------------------
0 0 0 0
1 0 0 0
0 1 0 0
1 1 0 1
0 0 1 0
1 0 1 0
1 1 0 0
1 1 1 0

X09 00001001
--------------------------------------------------------------------------------
0 0 0 1
1 0 0 0
0 1 0 0
1 1 0 1
0 0 1 0
1 0 1 0
1 1 0 0
1 1 1 0

X0A 00001010
--------------------------------------------------------------------------------
0 0 0 0
1 0 0 1
0 1 0 0
1 1 0 1
0 0 1 0
1 0 1 0
1 1 0 0
1 1 1 0

X0B 00001011
--------------------------------------------------------------------------------
0 0 0 1
1 0 0 1
0 1 0 0
1 1 0 1
0 0 1 0
1 0 1 0
1 1 0 0
1 1 1 0

X0C 00001100
--------------------------------------------------------------------------------
0 0 0 0
1 0 0 0
0 1 0 1
1 1 0 1
0 0 1 0
1 0 1 0
1 1 0 0
1 1 1 0

X0D 00001101
--------------------------------------------------------------------------------
0 0 0 1
1 0 0 0
0 1 0 1
1 1 0 1
0 0 1 0
1 0 1 0
1 1 0 0
1 1 1 0

X0E 00001110
--------------------------------------------------------------------------------
0 0 0 0
1 0 0 1
0 1 0 1
1 1 0 1
0 0 1 0
1 0 1 0
1 1 0 0
1 1 1 0

X0F 00001111
--------------------------------------------------------------------------------
0 0 0 1
1 0 0 1
0 1 0 1
1 1 0 1
0 0 1 0
1 0 1 0
1 1 0 0
1 1 1 0

X10 00010000
--------------------------------------------------------------------------------
0 0 0 0
1 0 0 0
0 1 0 0
1 1 0 0
0 0 1 1
1 0 1 0
1 1 0 0
1 1 1 0

X11 00010001
--------------------------------------------------------------------------------
0 0 0 1
1 0 0 0
0 1 0 0
1 1 0 0
0 0 1 1
1 0 1 0
1 1 0 0
1 1 1 0

X12 00010010
--------------------------------------------------------------------------------
0 0 0 0
1 0 0 1
0 1 0 0
1 1 0 0
0 0 1 1
1 0 1 0
1 1 0 0
1 1 1 0

X13 00010011
--------------------------------------------------------------------------------
0 0 0 1
1 0 0 1
0 1 0 0
1 1 0 0
0 0 1 1
1 0 1 0
1 1 0 0
1 1 1 0

X14 00010100
--------------------------------------------------------------------------------
0 0 0 0
1 0 0 0
0 1 0 1
1 1 0 0
0 0 1 1
1 0 1 0
1 1 0 0
1 1 1 0

X15 00010101
--------------------------------------------------------------------------------
0 0 0 1
1 0 0 0
0 1 0 1
1 1 0 0
0 0 1 1
1 0 1 0
1 1 0 0
1 1 1 0

X16 00010110
--------------------------------------------------------------------------------
0 0 0 0
1 0 0 1
0 1 0 1
1 1 0 0
0 0 1 1
1 0 1 0
1 1 0 0
1 1 1 0

X17 00010111
--------------------------------------------------------------------------------
0 0 0 1
1 0 0 1
0 1 0 1
1 1 0 0
0 0 1 1
1 0 1 0
1 1 0 0
1 1 1 0

X18 00011000
--------------------------------------------------------------------------------
0 0 0 0
1 0 0 0
0 1 0 0
1 1 0 1
0 0 1 1
1 0 1 0
1 1 0 0
1 1 1 0

X19 00011001
--------------------------------------------------------------------------------
0 0 0 1
1 0 0 0
0 1 0 0
1 1 0 1
0 0 1 1
1 0 1 0
1 1 0 0
1 1 1 0

X1A 00011010
--------------------------------------------------------------------------------
0 0 0 0
1 0 0 1
0 1 0 0
1 1 0 1
0 0 1 1
1 0 1 0
1 1 0 0
1 1 1 0

X1B 00011011
--------------------------------------------------------------------------------
0 0 0 1
1 0 0 1
0 1 0 0
1 1 0 1
0 0 1 1
1 0 1 0
1 1 0 0
1 1 1 0

X1C 00011100
--------------------------------------------------------------------------------
0 0 0 0
1 0 0 0
0 1 0 1
1 1 0 1
0 0 1 1
1 0 1 0
1 1 0 0
1 1 1 0

X1D 00011101
--------------------------------------------------------------------------------
0 0 0 1
1 0 0 0
0 1 0 1
1 1 0 1
0 0 1 1
1 0 1 0
1 1 0 0
1 1 1 0

X1E 00011110
--------------------------------------------------------------------------------
0 0 0 0
1 0 0 1
0 1 0 1
1 1 0 1
0 0 1 1
1 0 1 0
1 1 0 0
1 1 1 0

X1F 00011111
--------------------------------------------------------------------------------
0 0 0 1
1 0 0 1
0 1 0 1
1 1 0 1
0 0 1 1
1 0 1 0
1 1 0 0
1 1 1 0

X20 00100000
--------------------------------------------------------------------------------
0 0 0 0
1 0 0 0
0 1 0 0
1 1 0 0
0 0 1 0
1 0 1 1
1 1 0 0
1 1 1 0

X21 00100001
--------------------------------------------------------------------------------
0 0 0 1
1 0 0 0
0 1 0 0
1 1 0 0
0 0 1 0
1 0 1 1
1 1 0 0
1 1 1 0

X22 00100010
--------------------------------------------------------------------------------
0 0 0 0
1 0 0 1
0 1 0 0
1 1 0 0
0 0 1 0
1 0 1 1
1 1 0 0
1 1 1 0

X23 00100011
--------------------------------------------------------------------------------
0 0 0 1
1 0 0 1
0 1 0 0
1 1 0 0
0 0 1 0
1 0 1 1
1 1 0 0
1 1 1 0

X24 00100100
--------------------------------------------------------------------------------
0 0 0 0
1 0 0 0
0 1 0 1
1 1 0 0
0 0 1 0
1 0 1 1
1 1 0 0
1 1 1 0

X25 00100101
--------------------------------------------------------------------------------
0 0 0 1
1 0 0 0
0 1 0 1
1 1 0 0
0 0 1 0
1 0 1 1
1 1 0 0
1 1 1 0

X26 00100110
--------------------------------------------------------------------------------
0 0 0 0
1 0 0 1
0 1 0 1
1 1 0 0
0 0 1 0
1 0 1 1
1 1 0 0
1 1 1 0

X27 00100111
--------------------------------------------------------------------------------
0 0 0 1
1 0 0 1
0 1 0 1
1 1 0 0
0 0 1 0
1 0 1 1
1 1 0 0
1 1 1 0

X28 00101000
--------------------------------------------------------------------------------
0 0 0 0
1 0 0 0
0 1 0 0
1 1 0 1
0 0 1 0
1 0 1 1
1 1 0 0
1 1 1 0

X29 00101001
--------------------------------------------------------------------------------
0 0 0 1
1 0 0 0
0 1 0 0
1 1 0 1
0 0 1 0
1 0 1 1
1 1 0 0
1 1 1 0

X2A 00101010
--------------------------------------------------------------------------------
0 0 0 0
1 0 0 1
0 1 0 0
1 1 0 1
0 0 1 0
1 0 1 1
1 1 0 0
1 1 1 0

X2B 00101011
--------------------------------------------------------------------------------
0 0 0 1
1 0 0 1
0 1 0 0
1 1 0 1
0 0 1 0
1 0 1 1
1 1 0 0
1 1 1 0

X2C 00101100
--------------------------------------------------------------------------------
0 0 0 0
1 0 0 0
0 1 0 1
1 1 0 1
0 0 1 0
1 0 1 1
1 1 0 0
1 1 1 0

X2D 00101101
--------------------------------------------------------------------------------
0 0 0 1
1 0 0 0
0 1 0 1
1 1 0 1
0 0 1 0
1 0 1 1
1 1 0 0
1 1 1 0

X2E 00101110
--------------------------------------------------------------------------------
0 0 0 0
1 0 0 1
0 1 0 1
1 1 0 1
0 0 1 0
1 0 1 1
1 1 0 0
1 1 1 0

X2F 00101111
--------------------------------------------------------------------------------
0 0 0 1
1 0 0 1
0 1 0 1
1 1 0 1
0 0 1 0
1 0 1 1
1 1 0 0
1 1 1 0

X30 00110000
--------------------------------------------------------------------------------
0 0 0 0
1 0 0 0
0 1 0 0
1 1 0 0
0 0 1 1
1 0 1 1
1 1 0 0
1 1 1 0

X31 00110001
--------------------------------------------------------------------------------
0 0 0 1
1 0 0 0
0 1 0 0
1 1 0 0
0 0 1 1
1 0 1 1
1 1 0 0
1 1 1 0

X32 00110010
--------------------------------------------------------------------------------
0 0 0 0
1 0 0 1
0 1 0 0
1 1 0 0
0 0 1 1
1 0 1 1
1 1 0 0
1 1 1 0

X33 00110011
--------------------------------------------------------------------------------
0 0 0 1
1 0 0 1
0 1 0 0
1 1 0 0
0 0 1 1
1 0 1 1
1 1 0 0
1 1 1 0

X34 00110100
--------------------------------------------------------------------------------
0 0 0 0
1 0 0 0
0 1 0 1
1 1 0 0
0 0 1 1
1 0 1 1
1 1 0 0
1 1 1 0

X35 00110101
--------------------------------------------------------------------------------
0 0 0 1
1 0 0 0
0 1 0 1
1 1 0 0
0 0 1 1
1 0 1 1
1 1 0 0
1 1 1 0

X36 00110110
--------------------------------------------------------------------------------
0 0 0 0
1 0 0 1
0 1 0 1
1 1 0 0
0 0 1 1
1 0 1 1
1 1 0 0
1 1 1 0

X37 00110111
--------------------------------------------------------------------------------
0 0 0 1
1 0 0 1
0 1 0 1
1 1 0 0
0 0 1 1
1 0 1 1
1 1 0 0
1 1 1 0

X38 00111000
--------------------------------------------------------------------------------
0 0 0 0
1 0 0 0
0 1 0 0
1 1 0 1
0 0 1 1
1 0 1 1
1 1 0 0
1 1 1 0

X39 00111001
--------------------------------------------------------------------------------
0 0 0 1
1 0 0 0
0 1 0 0
1 1 0 1
0 0 1 1
1 0 1 1
1 1 0 0
1 1 1 0

X3A 00111010
--------------------------------------------------------------------------------
0 0 0 0
1 0 0 1
0 1 0 0
1 1 0 1
0 0 1 1
1 0 1 1
1 1 0 0
1 1 1 0

X3B 00111011
--------------------------------------------------------------------------------
0 0 0 1
1 0 0 1
0 1 0 0
1 1 0 1
0 0 1 1
1 0 1 1
1 1 0 0
1 1 1 0

X3C 00111100
--------------------------------------------------------------------------------
0 0 0 0
1 0 0 0
0 1 0 1
1 1 0 1
0 0 1 1
1 0 1 1
1 1 0 0
1 1 1 0

X3D 00111101
--------------------------------------------------------------------------------
0 0 0 1
1 0 0 0
0 1 0 1
1 1 0 1
0 0 1 1
1 0 1 1
1 1 0 0
1 1 1 0

X3E 00111110
--------------------------------------------------------------------------------
0 0 0 0
1 0 0 1
0 1 0 1
1 1 0 1
0 0 1 1
1 0 1 1
1 1 0 0
1 1 1 0

X3F 00111111
--------------------------------------------------------------------------------
0 0 0 1
1 0 0 1
0 1 0 1
1 1 0 1
0 0 1 1
1 0 1 1
1 1 0 0
1 1 1 0

X40 01000000
--------------------------------------------------------------------------------
0 0 0 0
1 0 0 0
0 1 0 0
1 1 0 0
0 0 1 0
1 0 1 0
1 1 0 1
1 1 1 0

X41 01000001
--------------------------------------------------------------------------------
0 0 0 1
1 0 0 0
0 1 0 0
1 1 0 0
0 0 1 0
1 0 1 0
1 1 0 1
1 1 1 0

X42 01000010
--------------------------------------------------------------------------------
0 0 0 0
1 0 0 1
0 1 0 0
1 1 0 0
0 0 1 0
1 0 1 0
1 1 0 1
1 1 1 0

X43 01000011
--------------------------------------------------------------------------------
0 0 0 1
1 0 0 1
0 1 0 0
1 1 0 0
0 0 1 0
1 0 1 0
1 1 0 1
1 1 1 0

X44 01000100
--------------------------------------------------------------------------------
0 0 0 0
1 0 0 0
0 1 0 1
1 1 0 0
0 0 1 0
1 0 1 0
1 1 0 1
1 1 1 0

X45 01000101
--------------------------------------------------------------------------------
0 0 0 1
1 0 0 0
0 1 0 1
1 1 0 0
0 0 1 0
1 0 1 0
1 1 0 1
1 1 1 0

X46 01000110
--------------------------------------------------------------------------------
0 0 0 0
1 0 0 1
0 1 0 1
1 1 0 0
0 0 1 0
1 0 1 0
1 1 0 1
1 1 1 0

X47 01000111
--------------------------------------------------------------------------------
0 0 0 1
1 0 0 1
0 1 0 1
1 1 0 0
0 0 1 0
1 0 1 0
1 1 0 1
1 1 1 0

X48 01001000
--------------------------------------------------------------------------------
0 0 0 0
1 0 0 0
0 1 0 0
1 1 0 1
0 0 1 0
1 0 1 0
1 1 0 1
1 1 1 0

X49 01001001
--------------------------------------------------------------------------------
0 0 0 1
1 0 0 0
0 1 0 0
1 1 0 1
0 0 1 0
1 0 1 0
1 1 0 1
1 1 1 0

X4A 01001010
--------------------------------------------------------------------------------
0 0 0 0
1 0 0 1
0 1 0 0
1 1 0 1
0 0 1 0
1 0 1 0
1 1 0 1
1 1 1 0

X4B 01001011
--------------------------------------------------------------------------------
0 0 0 1
1 0 0 1
0 1 0 0
1 1 0 1
0 0 1 0
1 0 1 0
1 1 0 1
1 1 1 0

X4C 01001100
--------------------------------------------------------------------------------
0 0 0 0
1 0 0 0
0 1 0 1
1 1 0 1
0 0 1 0
1 0 1 0
1 1 0 1
1 1 1 0

X4D 01001101
--------------------------------------------------------------------------------
0 0 0 1
1 0 0 0
0 1 0 1
1 1 0 1
0 0 1 0
1 0 1 0
1 1 0 1
1 1 1 0

X4E 01001110
--------------------------------------------------------------------------------
0 0 0 0
1 0 0 1
0 1 0 1
1 1 0 1
0 0 1 0
1 0 1 0
1 1 0 1
1 1 1 0

X4F 01001111
--------------------------------------------------------------------------------
0 0 0 1
1 0 0 1
0 1 0 1
1 1 0 1
0 0 1 0
1 0 1 0
1 1 0 1
1 1 1 0

X50 01010000
--------------------------------------------------------------------------------
0 0 0 0
1 0 0 0
0 1 0 0
1 1 0 0
0 0 1 1
1 0 1 0
1 1 0 1
1 1 1 0

X51 01010001
--------------------------------------------------------------------------------
0 0 0 1
1 0 0 0
0 1 0 0
1 1 0 0
0 0 1 1
1 0 1 0
1 1 0 1
1 1 1 0

X52 01010010
--------------------------------------------------------------------------------
0 0 0 0
1 0 0 1
0 1 0 0
1 1 0 0
0 0 1 1
1 0 1 0
1 1 0 1
1 1 1 0

X53 01010011
--------------------------------------------------------------------------------
0 0 0 1
1 0 0 1
0 1 0 0
1 1 0 0
0 0 1 1
1 0 1 0
1 1 0 1
1 1 1 0

X54 01010100
--------------------------------------------------------------------------------
0 0 0 0
1 0 0 0
0 1 0 1
1 1 0 0
0 0 1 1
1 0 1 0
1 1 0 1
1 1 1 0

X55 01010101
--------------------------------------------------------------------------------
0 0 0 1
1 0 0 0
0 1 0 1
1 1 0 0
0 0 1 1
1 0 1 0
1 1 0 1
1 1 1 0

X56 01010110
--------------------------------------------------------------------------------
0 0 0 0
1 0 0 1
0 1 0 1
1 1 0 0
0 0 1 1
1 0 1 0
1 1 0 1
1 1 1 0

X57 01010111
--------------------------------------------------------------------------------
0 0 0 1
1 0 0 1
0 1 0 1
1 1 0 0
0 0 1 1
1 0 1 0
1 1 0 1
1 1 1 0

X58 01011000
--------------------------------------------------------------------------------
0 0 0 0
1 0 0 0
0 1 0 0
1 1 0 1
0 0 1 1
1 0 1 0
1 1 0 1
1 1 1 0

X59 01011001
--------------------------------------------------------------------------------
0 0 0 1
1 0 0 0
0 1 0 0
1 1 0 1
0 0 1 1
1 0 1 0
1 1 0 1
1 1 1 0

X5A 01011010
--------------------------------------------------------------------------------
0 0 0 0
1 0 0 1
0 1 0 0
1 1 0 1
0 0 1 1
1 0 1 0
1 1 0 1
1 1 1 0

X5B 01011011
--------------------------------------------------------------------------------
0 0 0 1
1 0 0 1
0 1 0 0
1 1 0 1
0 0 1 1
1 0 1 0
1 1 0 1
1 1 1 0

X5C 01011100
--------------------------------------------------------------------------------
0 0 0 0
1 0 0 0
0 1 0 1
1 1 0 1
0 0 1 1
1 0 1 0
1 1 0 1
1 1 1 0

X5D 01011101
--------------------------------------------------------------------------------
0 0 0 1
1 0 0 0
0 1 0 1
1 1 0 1
0 0 1 1
1 0 1 0
1 1 0 1
1 1 1 0

X5E 01011110
--------------------------------------------------------------------------------
0 0 0 0
1 0 0 1
0 1 0 1
1 1 0 1
0 0 1 1
1 0 1 0
1 1 0 1
1 1 1 0

X5F 01011111
--------------------------------------------------------------------------------
0 0 0 1
1 0 0 1
0 1 0 1
1 1 0 1
0 0 1 1
1 0 1 0
1 1 0 1
1 1 1 0

Table 00000000
--------------------------------------------------------------------------------
0 0 0 0
1 0 0 0
0 1 0 0
1 1 0 0
0 0 1 0
1 0 1 0
0 1 1 0
1 1 1 0

Table 00000001
--------------------------------------------------------------------------------
0 0 0 1
1 0 0 0
0 1 0 0
1 1 0 0
0 0 1 0
1 0 1 0
0 1 1 0
1 1 1 0

Table 00000010
--------------------------------------------------------------------------------
0 0 0 0
1 0 0 1
0 1 0 0
1 1 0 0
0 0 1 0
1 0 1 0
0 1 1 0
1 1 1 0

Table 00000011
--------------------------------------------------------------------------------
0 0 0 1
1 0 0 1
0 1 0 0
1 1 0 0
0 0 1 0
1 0 1 0
0 1 1 0
1 1 1 0

Table 00000100
--------------------------------------------------------------------------------
0 0 0 0
1 0 0 0
0 1 0 1
1 1 0 0
0 0 1 0
1 0 1 0
0 1 1 0
1 1 1 0

Table 00000101
--------------------------------------------------------------------------------
0 0 0 1
1 0 0 0
0 1 0 1
1 1 0 0
0 0 1 0
1 0 1 0
0 1 1 0
1 1 1 0

Table 00000110
--------------------------------------------------------------------------------
0 0 0 0
1 0 0 1
0 1 0 1
1 1 0 0
0 0 1 0
1 0 1 0
0 1 1 0
1 1 1 0

Table 00000111
--------------------------------------------------------------------------------
0 0 0 1
1 0 0 1
0 1 0 1
1 1 0 0
0 0 1 0
1 0 1 0
0 1 1 0
1 1 1 0

Table 00001000
--------------------------------------------------------------------------------
0 0 0 0
1 0 0 0
0 1 0 0
1 1 0 1
0 0 1 0
1 0 1 0
0 1 1 0
1 1 1 0

Table 00001001
--------------------------------------------------------------------------------
0 0 0 1
1 0 0 0
0 1 0 0
1 1 0 1
0 0 1 0
1 0 1 0
0 1 1 0
1 1 1 0

Table 00001010
--------------------------------------------------------------------------------
0 0 0 0
1 0 0 1
0 1 0 0
1 1 0 1
0 0 1 0
1 0 1 0
0 1 1 0
1 1 1 0

Table 00001011
--------------------------------------------------------------------------------
0 0 0 1
1 0 0 1
0 1 0 0
1 1 0 1
0 0 1 0
1 0 1 0
0 1 1 0
1 1 1 0

Table 00001100
--------------------------------------------------------------------------------
0 0 0 0
1 0 0 0
0 1 0 1
1 1 0 1
0 0 1 0
1 0 1 0
0 1 1 0
1 1 1 0

Table 00001101
--------------------------------------------------------------------------------
0 0 0 1
1 0 0 0
0 1 0 1
1 1 0 1
0 0 1 0
1 0 1 0
0 1 1 0
1 1 1 0

Table 00001110
--------------------------------------------------------------------------------
0 0 0 0
1 0 0 1
0 1 0 1
1 1 0 1
0 0 1 0
1 0 1 0
0 1 1 0
1 1 1 0

Table 00001111
--------------------------------------------------------------------------------
0 0 0 1
1 0 0 1
0 1 0 1
1 1 0 1
0 0 1 0
1 0 1 0
0 1 1 0
1 1 1 0

Table 00010000
--------------------------------------------------------------------------------
0 0 0 0
1 0 0 0
0 1 0 0
1 1 0 0
0 0 1 1
1 0 1 0
0 1 1 0
1 1 1 0

Table 00010001
--------------------------------------------------------------------------------
0 0 0 1
1 0 0 0
0 1 0 0
1 1 0 0
0 0 1 1
1 0 1 0
0 1 1 0
1 1 1 0

Table 00010010
--------------------------------------------------------------------------------
0 0 0 0
1 0 0 1
0 1 0 0
1 1 0 0
0 0 1 1
1 0 1 0
0 1 1 0
1 1 1 0

Table 00010011
--------------------------------------------------------------------------------
0 0 0 1
1 0 0 1
0 1 0 0
1 1 0 0
0 0 1 1
1 0 1 0
0 1 1 0
1 1 1 0

Table 00010100
--------------------------------------------------------------------------------
0 0 0 0
1 0 0 0
0 1 0 1
1 1 0 0
0 0 1 1
1 0 1 0
0 1 1 0
1 1 1 0

Table 00010101
--------------------------------------------------------------------------------
0 0 0 1
1 0 0 0
0 1 0 1
1 1 0 0
0 0 1 1
1 0 1 0
0 1 1 0
1 1 1 0

Table 00010110
--------------------------------------------------------------------------------
0 0 0 0
1 0 0 1
0 1 0 1
1 1 0 0
0 0 1 1
1 0 1 0
0 1 1 0
1 1 1 0

Table 00010111
--------------------------------------------------------------------------------
0 0 0 1
1 0 0 1
0 1 0 1
1 1 0 0
0 0 1 1
1 0 1 0
0 1 1 0
1 1 1 0

Table 00011000
--------------------------------------------------------------------------------
0 0 0 0
1 0 0 0
0 1 0 0
1 1 0 1
0 0 1 1
1 0 1 0
0 1 1 0
1 1 1 0

Table 00011001
--------------------------------------------------------------------------------
0 0 0 1
1 0 0 0
0 1 0 0
1 1 0 1
0 0 1 1
1 0 1 0
0 1 1 0
1 1 1 0

Table 00011010
--------------------------------------------------------------------------------
0 0 0 0
1 0 0 1
0 1 0 0
1 1 0 1
0 0 1 1
1 0 1 0
0 1 1 0
1 1 1 0

Table 00011011
--------------------------------------------------------------------------------
0 0 0 1
1 0 0 1
0 1 0 0
1 1 0 1
0 0 1 1
1 0 1 0
0 1 1 0
1 1 1 0

Table 00011100
--------------------------------------------------------------------------------
0 0 0 0
1 0 0 0
0 1 0 1
1 1 0 1
0 0 1 1
1 0 1 0
0 1 1 0
1 1 1 0

Table 00011101
--------------------------------------------------------------------------------
0 0 0 1
1 0 0 0
0 1 0 1
1 1 0 1
0 0 1 1
1 0 1 0
0 1 1 0
1 1 1 0

Table 00011110
--------------------------------------------------------------------------------
0 0 0 0
1 0 0 1
0 1 0 1
1 1 0 1
0 0 1 1
1 0 1 0
0 1 1 0
1 1 1 0

Table 00011111
--------------------------------------------------------------------------------
0 0 0 1
1 0 0 1
0 1 0 1
1 1 0 1
0 0 1 1
1 0 1 0
0 1 1 0
1 1 1 0

Table 00100000
--------------------------------------------------------------------------------
0 0 0 0
1 0 0 0
0 1 0 0
1 1 0 0
0 0 1 0
1 0 1 1
0 1 1 0
1 1 1 0

Table 00100001
--------------------------------------------------------------------------------
0 0 0 1
1 0 0 0
0 1 0 0
1 1 0 0
0 0 1 0
1 0 1 1
0 1 1 0
1 1 1 0

Table 00100010
--------------------------------------------------------------------------------
0 0 0 0
1 0 0 1
0 1 0 0
1 1 0 0
0 0 1 0
1 0 1 1
0 1 1 0
1 1 1 0

Table 00100011
--------------------------------------------------------------------------------
0 0 0 1
1 0 0 1
0 1 0 0
1 1 0 0
0 0 1 0
1 0 1 1
0 1 1 0
1 1 1 0

Table 00100100
--------------------------------------------------------------------------------
0 0 0 0
1 0 0 0
0 1 0 1
1 1 0 0
0 0 1 0
1 0 1 1
0 1 1 0
1 1 1 0

Table 00100101
--------------------------------------------------------------------------------
0 0 0 1
1 0 0 0
0 1 0 1
1 1 0 0
0 0 1 0
1 0 1 1
0 1 1 0
1 1 1 0

Table 00100110
--------------------------------------------------------------------------------
0 0 0 0
1 0 0 1
0 1 0 1
1 1 0 0
0 0 1 0
1 0 1 1
0 1 1 0
1 1 1 0

Table 00100111
--------------------------------------------------------------------------------
0 0 0 1
1 0 0 1
0 1 0 1
1 1 0 0
0 0 1 0
1 0 1 1
0 1 1 0
1 1 1 0

Table 00101000
--------------------------------------------------------------------------------
0 0 0 0
1 0 0 0
0 1 0 0
1 1 0 1
0 0 1 0
1 0 1 1
0 1 1 0
1 1 1 0

Table 00101001
--------------------------------------------------------------------------------
0 0 0 1
1 0 0 0
0 1 0 0
1 1 0 1
0 0 1 0
1 0 1 1
0 1 1 0
1 1 1 0

Table 00101010
--------------------------------------------------------------------------------
0 0 0 0
1 0 0 1
0 1 0 0
1 1 0 1
0 0 1 0
1 0 1 1
0 1 1 0
1 1 1 0

Table 00101011
--------------------------------------------------------------------------------
0 0 0 1
1 0 0 1
0 1 0 0
1 1 0 1
0 0 1 0
1 0 1 1
0 1 1 0
1 1 1 0

Table 00101100
--------------------------------------------------------------------------------
0 0 0 0
1 0 0 0
0 1 0 1
1 1 0 1
0 0 1 0
1 0 1 1
0 1 1 0
1 1 1 0

Table 00101101
--------------------------------------------------------------------------------
0 0 0 1
1 0 0 0
0 1 0 1
1 1 0 1
0 0 1 0
1 0 1 1
0 1 1 0
1 1 1 0

Table 00101110
--------------------------------------------------------------------------------
0 0 0 0
1 0 0 1
0 1 0 1
1 1 0 1
0 0 1 0
1 0 1 1
0 1 1 0
1 1 1 0

Table 00101111
--------------------------------------------------------------------------------
0 0 0 1
1 0 0 1
0 1 0 1
1 1 0 1
0 0 1 0
1 0 1 1
0 1 1 0
1 1 1 0

Table 00110000
--------------------------------------------------------------------------------
0 0 0 0
1 0 0 0
0 1 0 0
1 1 0 0
0 0 1 1
1 0 1 1
0 1 1 0
1 1 1 0

Table 00110001
--------------------------------------------------------------------------------
0 0 0 1
1 0 0 0
0 1 0 0
1 1 0 0
0 0 1 1
1 0 1 1
0 1 1 0
1 1 1 0

Table 00110010
--------------------------------------------------------------------------------
0 0 0 0
1 0 0 1
0 1 0 0
1 1 0 0
0 0 1 1
1 0 1 1
0 1 1 0
1 1 1 0

Table 00110011
--------------------------------------------------------------------------------
0 0 0 1
1 0 0 1
0 1 0 0
1 1 0 0
0 0 1 1
1 0 1 1
0 1 1 0
1 1 1 0

Table 00110100
--------------------------------------------------------------------------------
0 0 0 0
1 0 0 0
0 1 0 1
1 1 0 0
0 0 1 1
1 0 1 1
0 1 1 0
1 1 1 0

Table 00110101
--------------------------------------------------------------------------------
0 0 0 1
1 0 0 0
0 1 0 1
1 1 0 0
0 0 1 1
1 0 1 1
0 1 1 0
1 1 1 0

Table 00110110
--------------------------------------------------------------------------------
0 0 0 0
1 0 0 1
0 1 0 1
1 1 0 0
0 0 1 1
1 0 1 1
0 1 1 0
1 1 1 0

Table 00110111
--------------------------------------------------------------------------------
0 0 0 1
1 0 0 1
0 1 0 1
1 1 0 0
0 0 1 1
1 0 1 1
0 1 1 0
1 1 1 0

Table 00111000
--------------------------------------------------------------------------------
0 0 0 0
1 0 0 0
0 1 0 0
1 1 0 1
0 0 1 1
1 0 1 1
0 1 1 0
1 1 1 0

Table 00111001
--------------------------------------------------------------------------------
0 0 0 1
1 0 0 0
0 1 0 0
1 1 0 1
0 0 1 1
1 0 1 1
0 1 1 0
1 1 1 0

Table 00111010
--------------------------------------------------------------------------------
0 0 0 0
1 0 0 1
0 1 0 0
1 1 0 1
0 0 1 1
1 0 1 1
0 1 1 0
1 1 1 0

Table 00111011
--------------------------------------------------------------------------------
0 0 0 1
1 0 0 1
0 1 0 0
1 1 0 1
0 0 1 1
1 0 1 1
0 1 1 0
1 1 1 0

Table 00111100
--------------------------------------------------------------------------------
0 0 0 0
1 0 0 0
0 1 0 1
1 1 0 1
0 0 1 1
1 0 1 1
0 1 1 0
1 1 1 0

Table 00111101
--------------------------------------------------------------------------------
0 0 0 1
1 0 0 0
0 1 0 1
1 1 0 1
0 0 1 1
1 0 1 1
0 1 1 0
1 1 1 0

Table 00111110
--------------------------------------------------------------------------------
0 0 0 0
1 0 0 1
0 1 0 1
1 1 0 1
0 0 1 1
1 0 1 1
0 1 1 0
1 1 1 0

Table 00111111
--------------------------------------------------------------------------------
0 0 0 1
1 0 0 1
0 1 0 1
1 1 0 1
0 0 1 1
1 0 1 1
0 1 1 0
1 1 1 0

Table 01000000
--------------------------------------------------------------------------------
0 0 0 0
1 0 0 0
0 1 0 0
1 1 0 0
0 0 1 0
1 0 1 0
0 1 1 1
1 1 1 0

Table 01000001
--------------------------------------------------------------------------------
0 0 0 1
1 0 0 0
0 1 0 0
1 1 0 0
0 0 1 0
1 0 1 0
0 1 1 1
1 1 1 0

Table 01000010
--------------------------------------------------------------------------------
0 0 0 0
1 0 0 1
0 1 0 0
1 1 0 0
0 0 1 0
1 0 1 0
0 1 1 1
1 1 1 0

Table 01000011
--------------------------------------------------------------------------------
0 0 0 1
1 0 0 1
0 1 0 0
1 1 0 0
0 0 1 0
1 0 1 0
0 1 1 1
1 1 1 0

Table 01000100
--------------------------------------------------------------------------------
0 0 0 0
1 0 0 0
0 1 0 1
1 1 0 0
0 0 1 0
1 0 1 0
0 1 1 1
1 1 1 0

Table 01000101
--------------------------------------------------------------------------------
0 0 0 1
1 0 0 0
0 1 0 1
1 1 0 0
0 0 1 0
1 0 1 0
0 1 1 1
1 1 1 0

Table 01000110
--------------------------------------------------------------------------------
0 0 0 0
1 0 0 1
0 1 0 1
1 1 0 0
0 0 1 0
1 0 1 0
0 1 1 1
1 1 1 0

Table 01000111
--------------------------------------------------------------------------------
0 0 0 1
1 0 0 1
0 1 0 1
1 1 0 0
0 0 1 0
1 0 1 0
0 1 1 1
1 1 1 0

Table 01001000
--------------------------------------------------------------------------------
0 0 0 0
1 0 0 0
0 1 0 0
1 1 0 1
0 0 1 0
1 0 1 0
0 1 1 1
1 1 1 0

Table 01001001
--------------------------------------------------------------------------------
0 0 0 1
1 0 0 0
0 1 0 0
1 1 0 1
0 0 1 0
1 0 1 0
0 1 1 1
1 1 1 0

Table 01001010
--------------------------------------------------------------------------------
0 0 0 0
1 0 0 1
0 1 0 0
1 1 0 1
0 0 1 0
1 0 1 0
0 1 1 1
1 1 1 0

Table 01001011
--------------------------------------------------------------------------------
0 0 0 1
1 0 0 1
0 1 0 0
1 1 0 1
0 0 1 0
1 0 1 0
0 1 1 1
1 1 1 0

Table 01001100
--------------------------------------------------------------------------------
0 0 0 0
1 0 0 0
0 1 0 1
1 1 0 1
0 0 1 0
1 0 1 0
0 1 1 1
1 1 1 0

Table 01001101
--------------------------------------------------------------------------------
0 0 0 1
1 0 0 0
0 1 0 1
1 1 0 1
0 0 1 0
1 0 1 0
0 1 1 1
1 1 1 0

Table 01001110
--------------------------------------------------------------------------------
0 0 0 0
1 0 0 1
0 1 0 1
1 1 0 1
0 0 1 0
1 0 1 0
0 1 1 1
1 1 1 0

Table 01001111
--------------------------------------------------------------------------------
0 0 0 1
1 0 0 1
0 1 0 1
1 1 0 1
0 0 1 0
1 0 1 0
0 1 1 1
1 1 1 0

Table 01010000
--------------------------------------------------------------------------------
0 0 0 0
1 0 0 0
0 1 0 0
1 1 0 0
0 0 1 1
1 0 1 0
0 1 1 1
1 1 1 0

Table 01010001
--------------------------------------------------------------------------------
0 0 0 1
1 0 0 0
0 1 0 0
1 1 0 0
0 0 1 1
1 0 1 0
0 1 1 1
1 1 1 0

Table 01010010
--------------------------------------------------------------------------------
0 0 0 0
1 0 0 1
0 1 0 0
1 1 0 0
0 0 1 1
1 0 1 0
0 1 1 1
1 1 1 0

Table 01010011
--------------------------------------------------------------------------------
0 0 0 1
1 0 0 1
0 1 0 0
1 1 0 0
0 0 1 1
1 0 1 0
0 1 1 1
1 1 1 0

Table 01010100
--------------------------------------------------------------------------------
0 0 0 0
1 0 0 0
0 1 0 1
1 1 0 0
0 0 1 1
1 0 1 0
0 1 1 1
1 1 1 0

Table 01010101
--------------------------------------------------------------------------------
0 0 0 1
1 0 0 0
0 1 0 1
1 1 0 0
0 0 1 1
1 0 1 0
0 1 1 1
1 1 1 0

Table 01010110
--------------------------------------------------------------------------------
0 0 0 0
1 0 0 1
0 1 0 1
1 1 0 0
0 0 1 1
1 0 1 0
0 1 1 1
1 1 1 0

Table 01010111
--------------------------------------------------------------------------------
0 0 0 1
1 0 0 1
0 1 0 1
1 1 0 0
0 0 1 1
1 0 1 0
0 1 1 1
1 1 1 0

Table 01011000
--------------------------------------------------------------------------------
0 0 0 0
1 0 0 0
0 1 0 0
1 1 0 1
0 0 1 1
1 0 1 0
0 1 1 1
1 1 1 0

Table 01011001
--------------------------------------------------------------------------------
0 0 0 1
1 0 0 0
0 1 0 0
1 1 0 1
0 0 1 1
1 0 1 0
0 1 1 1
1 1 1 0

Table 01011010
--------------------------------------------------------------------------------
0 0 0 0
1 0 0 1
0 1 0 0
1 1 0 1
0 0 1 1
1 0 1 0
0 1 1 1
1 1 1 0

Table 01011011
--------------------------------------------------------------------------------
0 0 0 1
1 0 0 1
0 1 0 0
1 1 0 1
0 0 1 1
1 0 1 0
0 1 1 1
1 1 1 0

Table 01011100
--------------------------------------------------------------------------------
0 0 0 0
1 0 0 0
0 1 0 1
1 1 0 1
0 0 1 1
1 0 1 0
0 1 1 1
1 1 1 0

Table 01011101
--------------------------------------------------------------------------------
0 0 0 1
1 0 0 0
0 1 0 1
1 1 0 1
0 0 1 1
1 0 1 0
0 1 1 1
1 1 1 0

Table 01011110
--------------------------------------------------------------------------------
0 0 0 0
1 0 0 1
0 1 0 1
1 1 0 1
0 0 1 1
1 0 1 0
0 1 1 1
1 1 1 0

Table 01011111
--------------------------------------------------------------------------------
0 0 0 1
1 0 0 1
0 1 0 1
1 1 0 1
0 0 1 1
1 0 1 0
0 1 1 1
1 1 1 0

Table 01100000
--------------------------------------------------------------------------------
0 0 0 0
1 0 0 0
0 1 0 0
1 1 0 0
0 0 1 0
1 0 1 1
0 1 1 1
1 1 1 0

Table 01100001
--------------------------------------------------------------------------------
0 0 0 1
1 0 0 0
0 1 0 0
1 1 0 0
0 0 1 0
1 0 1 1
0 1 1 1
1 1 1 0

Table 01100010
--------------------------------------------------------------------------------
0 0 0 0
1 0 0 1
0 1 0 0
1 1 0 0
0 0 1 0
1 0 1 1
0 1 1 1
1 1 1 0

Table 01100011
--------------------------------------------------------------------------------
0 0 0 1
1 0 0 1
0 1 0 0
1 1 0 0
0 0 1 0
1 0 1 1
0 1 1 1
1 1 1 0

Table 01100100
--------------------------------------------------------------------------------
0 0 0 0
1 0 0 0
0 1 0 1
1 1 0 0
0 0 1 0
1 0 1 1
0 1 1 1
1 1 1 0

Table 01100101
--------------------------------------------------------------------------------
0 0 0 1
1 0 0 0
0 1 0 1
1 1 0 0
0 0 1 0
1 0 1 1
0 1 1 1
1 1 1 0

Table 01100110
--------------------------------------------------------------------------------
0 0 0 0
1 0 0 1
0 1 0 1
1 1 0 0
0 0 1 0
1 0 1 1
0 1 1 1
1 1 1 0

Table 01100111
--------------------------------------------------------------------------------
0 0 0 1
1 0 0 1
0 1 0 1
1 1 0 0
0 0 1 0
1 0 1 1
0 1 1 1
1 1 1 0

Table 01101000
--------------------------------------------------------------------------------
0 0 0 0
1 0 0 0
0 1 0 0
1 1 0 1
0 0 1 0
1 0 1 1
0 1 1 1
1 1 1 0

Table 01101001
--------------------------------------------------------------------------------
0 0 0 1
1 0 0 0
0 1 0 0
1 1 0 1
0 0 1 0
1 0 1 1
0 1 1 1
1 1 1 0

Table 01101010
--------------------------------------------------------------------------------
0 0 0 0
1 0 0 1
0 1 0 0
1 1 0 1
0 0 1 0
1 0 1 1
0 1 1 1
1 1 1 0

Table 01101011
--------------------------------------------------------------------------------
0 0 0 1
1 0 0 1
0 1 0 0
1 1 0 1
0 0 1 0
1 0 1 1
0 1 1 1
1 1 1 0

Table 01101100
--------------------------------------------------------------------------------
0 0 0 0
1 0 0 0
0 1 0 1
1 1 0 1
0 0 1 0
1 0 1 1
0 1 1 1
1 1 1 0

Table 01101101
--------------------------------------------------------------------------------
0 0 0 1
1 0 0 0
0 1 0 1
1 1 0 1
0 0 1 0
1 0 1 1
0 1 1 1
1 1 1 0

Table 01101110
--------------------------------------------------------------------------------
0 0 0 0
1 0 0 1
0 1 0 1
1 1 0 1
0 0 1 0
1 0 1 1
0 1 1 1
1 1 1 0

Table 01101111
--------------------------------------------------------------------------------
0 0 0 1
1 0 0 1
0 1 0 1
1 1 0 1
0 0 1 0
1 0 1 1
0 1 1 1
1 1 1 0

Table 01110000
--------------------------------------------------------------------------------
0 0 0 0
1 0 0 0
0 1 0 0
1 1 0 0
0 0 1 1
1 0 1 1
0 1 1 1
1 1 1 0

Table 01110001
--------------------------------------------------------------------------------
0 0 0 1
1 0 0 0
0 1 0 0
1 1 0 0
0 0 1 1
1 0 1 1
0 1 1 1
1 1 1 0

Table 01110010
--------------------------------------------------------------------------------
0 0 0 0
1 0 0 1
0 1 0 0
1 1 0 0
0 0 1 1
1 0 1 1
0 1 1 1
1 1 1 0

Table 01110011
--------------------------------------------------------------------------------
0 0 0 1
1 0 0 1
0 1 0 0
1 1 0 0
0 0 1 1
1 0 1 1
0 1 1 1
1 1 1 0

Table 01110100
--------------------------------------------------------------------------------
0 0 0 0
1 0 0 0
0 1 0 1
1 1 0 0
0 0 1 1
1 0 1 1
0 1 1 1
1 1 1 0

Table 01110101
--------------------------------------------------------------------------------
0 0 0 1
1 0 0 0
0 1 0 1
1 1 0 0
0 0 1 1
1 0 1 1
0 1 1 1
1 1 1 0

Table 01110110
--------------------------------------------------------------------------------
0 0 0 0
1 0 0 1
0 1 0 1
1 1 0 0
0 0 1 1
1 0 1 1
0 1 1 1
1 1 1 0

Table 01110111
--------------------------------------------------------------------------------
0 0 0 1
1 0 0 1
0 1 0 1
1 1 0 0
0 0 1 1
1 0 1 1
0 1 1 1
1 1 1 0

Table 01111000
--------------------------------------------------------------------------------
0 0 0 0
1 0 0 0
0 1 0 0
1 1 0 1
0 0 1 1
1 0 1 1
0 1 1 1
1 1 1 0

Table 01111001
--------------------------------------------------------------------------------
0 0 0 1
1 0 0 0
0 1 0 0
1 1 0 1
0 0 1 1
1 0 1 1
0 1 1 1
1 1 1 0

Table 01111010
--------------------------------------------------------------------------------
0 0 0 0
1 0 0 1
0 1 0 0
1 1 0 1
0 0 1 1
1 0 1 1
0 1 1 1
1 1 1 0

Table 01111011
--------------------------------------------------------------------------------
0 0 0 1
1 0 0 1
0 1 0 0
1 1 0 1
0 0 1 1
1 0 1 1
0 1 1 1
1 1 1 0

Table 01111100
--------------------------------------------------------------------------------
0 0 0 0
1 0 0 0
0 1 0 1
1 1 0 1
0 0 1 1
1 0 1 1
0 1 1 1
1 1 1 0

Table 01111101
--------------------------------------------------------------------------------
0 0 0 1
1 0 0 0
0 1 0 1
1 1 0 1
0 0 1 1
1 0 1 1
0 1 1 1
1 1 1 0

Table 01111110
--------------------------------------------------------------------------------
0 0 0 0
1 0 0 1
0 1 0 1
1 1 0 1
0 0 1 1
1 0 1 1
0 1 1 1
1 1 1 0

Table 01111111
--------------------------------------------------------------------------------
0 0 0 1
1 0 0 1
0 1 0 1
1 1 0 1
0 0 1 1
1 0 1 1
0 1 1 1
1 1 1 0

Table 10000000
--------------------------------------------------------------------------------
0 0 0 0
1 0 0 0
0 1 0 0
1 1 0 0
0 0 1 0
1 0 1 0
0 1 1 0
1 1 1 1

Table 10000001
--------------------------------------------------------------------------------
0 0 0 1
1 0 0 0
0 1 0 0
1 1 0 0
0 0 1 0
1 0 1 0
0 1 1 0
1 1 1 1

Table 10000010
--------------------------------------------------------------------------------
0 0 0 0
1 0 0 1
0 1 0 0
1 1 0 0
0 0 1 0
1 0 1 0
0 1 1 0
1 1 1 1

Table 10000011
--------------------------------------------------------------------------------
0 0 0 1
1 0 0 1
0 1 0 0
1 1 0 0
0 0 1 0
1 0 1 0
0 1 1 0
1 1 1 1

Table 10000100
--------------------------------------------------------------------------------
0 0 0 0
1 0 0 0
0 1 0 1
1 1 0 0
0 0 1 0
1 0 1 0
0 1 1 0
1 1 1 1

Table 10000101
--------------------------------------------------------------------------------
0 0 0 1
1 0 0 0
0 1 0 1
1 1 0 0
0 0 1 0
1 0 1 0
0 1 1 0
1 1 1 1

Table 10000110
--------------------------------------------------------------------------------
0 0 0 0
1 0 0 1
0 1 0 1
1 1 0 0
0 0 1 0
1 0 1 0
0 1 1 0
1 1 1 1

Table 10000111
--------------------------------------------------------------------------------
0 0 0 1
1 0 0 1
0 1 0 1
1 1 0 0
0 0 1 0
1 0 1 0
0 1 1 0
1 1 1 1

Table 10001000
--------------------------------------------------------------------------------
0 0 0 0
1 0 0 0
0 1 0 0
1 1 0 1
0 0 1 0
1 0 1 0
0 1 1 0
1 1 1 1

Table 10001001
--------------------------------------------------------------------------------
0 0 0 1
1 0 0 0
0 1 0 0
1 1 0 1
0 0 1 0
1 0 1 0
0 1 1 0
1 1 1 1

Table 10001010
--------------------------------------------------------------------------------
0 0 0 0
1 0 0 1
0 1 0 0
1 1 0 1
0 0 1 0
1 0 1 0
0 1 1 0
1 1 1 1

Table 10001011
--------------------------------------------------------------------------------
0 0 0 1
1 0 0 1
0 1 0 0
1 1 0 1
0 0 1 0
1 0 1 0
0 1 1 0
1 1 1 1

Table 10001100
--------------------------------------------------------------------------------
0 0 0 0
1 0 0 0
0 1 0 1
1 1 0 1
0 0 1 0
1 0 1 0
0 1 1 0
1 1 1 1

Table 10001101
--------------------------------------------------------------------------------
0 0 0 1
1 0 0 0
0 1 0 1
1 1 0 1
0 0 1 0
1 0 1 0
0 1 1 0
1 1 1 1

Table 10001110
--------------------------------------------------------------------------------
0 0 0 0
1 0 0 1
0 1 0 1
1 1 0 1
0 0 1 0
1 0 1 0
0 1 1 0
1 1 1 1

Table 10001111
--------------------------------------------------------------------------------
0 0 0 1
1 0 0 1
0 1 0 1
1 1 0 1
0 0 1 0
1 0 1 0
0 1 1 0
1 1 1 1

Table 10010000
--------------------------------------------------------------------------------
0 0 0 0
1 0 0 0
0 1 0 0
1 1 0 0
0 0 1 1
1 0 1 0
0 1 1 0
1 1 1 1

Table 10010001
--------------------------------------------------------------------------------
0 0 0 1
1 0 0 0
0 1 0 0
1 1 0 0
0 0 1 1
1 0 1 0
0 1 1 0
1 1 1 1

Table 10010010
--------------------------------------------------------------------------------
0 0 0 0
1 0 0 1
0 1 0 0
1 1 0 0
0 0 1 1
1 0 1 0
0 1 1 0
1 1 1 1

Table 10010011
--------------------------------------------------------------------------------
0 0 0 1
1 0 0 1
0 1 0 0
1 1 0 0
0 0 1 1
1 0 1 0
0 1 1 0
1 1 1 1

Table 10010100
--------------------------------------------------------------------------------
0 0 0 0
1 0 0 0
0 1 0 1
1 1 0 0
0 0 1 1
1 0 1 0
0 1 1 0
1 1 1 1

Table 10010101
--------------------------------------------------------------------------------
0 0 0 1
1 0 0 0
0 1 0 1
1 1 0 0
0 0 1 1
1 0 1 0
0 1 1 0
1 1 1 1

Table 10010110
--------------------------------------------------------------------------------
0 0 0 0
1 0 0 1
0 1 0 1
1 1 0 0
0 0 1 1
1 0 1 0
0 1 1 0
1 1 1 1

Table 10010111
--------------------------------------------------------------------------------
0 0 0 1
1 0 0 1
0 1 0 1
1 1 0 0
0 0 1 1
1 0 1 0
0 1 1 0
1 1 1 1

Table 10011000
--------------------------------------------------------------------------------
0 0 0 0
1 0 0 0
0 1 0 0
1 1 0 1
0 0 1 1
1 0 1 0
0 1 1 0
1 1 1 1

Table 10011001
--------------------------------------------------------------------------------
0 0 0 1
1 0 0 0
0 1 0 0
1 1 0 1
0 0 1 1
1 0 1 0
0 1 1 0
1 1 1 1

Table 10011010
--------------------------------------------------------------------------------
0 0 0 0
1 0 0 1
0 1 0 0
1 1 0 1
0 0 1 1
1 0 1 0
0 1 1 0
1 1 1 1

Table 10011011
--------------------------------------------------------------------------------
0 0 0 1
1 0 0 1
0 1 0 0
1 1 0 1
0 0 1 1
1 0 1 0
0 1 1 0
1 1 1 1

Table 10011100
--------------------------------------------------------------------------------
0 0 0 0
1 0 0 0
0 1 0 1
1 1 0 1
0 0 1 1
1 0 1 0
0 1 1 0
1 1 1 1

Table 10011101
--------------------------------------------------------------------------------
0 0 0 1
1 0 0 0
0 1 0 1
1 1 0 1
0 0 1 1
1 0 1 0
0 1 1 0
1 1 1 1

Table 10011110
--------------------------------------------------------------------------------
0 0 0 0
1 0 0 1
0 1 0 1
1 1 0 1
0 0 1 1
1 0 1 0
0 1 1 0
1 1 1 1

Table 10011111
--------------------------------------------------------------------------------
0 0 0 1
1 0 0 1
0 1 0 1
1 1 0 1
0 0 1 1
1 0 1 0
0 1 1 0
1 1 1 1

Table 10100000
--------------------------------------------------------------------------------
0 0 0 0
1 0 0 0
0 1 0 0
1 1 0 0
0 0 1 0
1 0 1 1
0 1 1 0
1 1 1 1

Table 10100001
--------------------------------------------------------------------------------
0 0 0 1
1 0 0 0
0 1 0 0
1 1 0 0
0 0 1 0
1 0 1 1
0 1 1 0
1 1 1 1

Table 10100010
--------------------------------------------------------------------------------
0 0 0 0
1 0 0 1
0 1 0 0
1 1 0 0
0 0 1 0
1 0 1 1
0 1 1 0
1 1 1 1

Table 10100011
--------------------------------------------------------------------------------
0 0 0 1
1 0 0 1
0 1 0 0
1 1 0 0
0 0 1 0
1 0 1 1
0 1 1 0
1 1 1 1

Table 10100100
--------------------------------------------------------------------------------
0 0 0 0
1 0 0 0
0 1 0 1
1 1 0 0
0 0 1 0
1 0 1 1
0 1 1 0
1 1 1 1

Table 10100101
--------------------------------------------------------------------------------
0 0 0 1
1 0 0 0
0 1 0 1
1 1 0 0
0 0 1 0
1 0 1 1
0 1 1 0
1 1 1 1

Table 10100110
--------------------------------------------------------------------------------
0 0 0 0
1 0 0 1
0 1 0 1
1 1 0 0
0 0 1 0
1 0 1 1
0 1 1 0
1 1 1 1

Table 10100111
--------------------------------------------------------------------------------
0 0 0 1
1 0 0 1
0 1 0 1
1 1 0 0
0 0 1 0
1 0 1 1
0 1 1 0
1 1 1 1

Table 10101000
--------------------------------------------------------------------------------
0 0 0 0
1 0 0 0
0 1 0 0
1 1 0 1
0 0 1 0
1 0 1 1
0 1 1 0
1 1 1 1

Table 10101001
--------------------------------------------------------------------------------
0 0 0 1
1 0 0 0
0 1 0 0
1 1 0 1
0 0 1 0
1 0 1 1
0 1 1 0
1 1 1 1

Table 10101010
--------------------------------------------------------------------------------
0 0 0 0
1 0 0 1
0 1 0 0
1 1 0 1
0 0 1 0
1 0 1 1
0 1 1 0
1 1 1 1

Table 10101011
--------------------------------------------------------------------------------
0 0 0 1
1 0 0 1
0 1 0 0
1 1 0 1
0 0 1 0
1 0 1 1
0 1 1 0
1 1 1 1

Table 10101100
--------------------------------------------------------------------------------
0 0 0 0
1 0 0 0
0 1 0 1
1 1 0 1
0 0 1 0
1 0 1 1
0 1 1 0
1 1 1 1

Table 10101101
--------------------------------------------------------------------------------
0 0 0 1
1 0 0 0
0 1 0 1
1 1 0 1
0 0 1 0
1 0 1 1
0 1 1 0
1 1 1 1

Table 10101110
--------------------------------------------------------------------------------
0 0 0 0
1 0 0 1
0 1 0 1
1 1 0 1
0 0 1 0
1 0 1 1
0 1 1 0
1 1 1 1

Table 10101111
--------------------------------------------------------------------------------
0 0 0 1
1 0 0 1
0 1 0 1
1 1 0 1
0 0 1 0
1 0 1 1
0 1 1 0
1 1 1 1

Table 10110000
--------------------------------------------------------------------------------
0 0 0 0
1 0 0 0
0 1 0 0
1 1 0 0
0 0 1 1
1 0 1 1
0 1 1 0
1 1 1 1

Table 10110001
--------------------------------------------------------------------------------
0 0 0 1
1 0 0 0
0 1 0 0
1 1 0 0
0 0 1 1
1 0 1 1
0 1 1 0
1 1 1 1

Table 10110010
--------------------------------------------------------------------------------
0 0 0 0
1 0 0 1
0 1 0 0
1 1 0 0
0 0 1 1
1 0 1 1
0 1 1 0
1 1 1 1

Table 10110011
--------------------------------------------------------------------------------
0 0 0 1
1 0 0 1
0 1 0 0
1 1 0 0
0 0 1 1
1 0 1 1
0 1 1 0
1 1 1 1

Table 10110100
--------------------------------------------------------------------------------
0 0 0 0
1 0 0 0
0 1 0 1
1 1 0 0
0 0 1 1
1 0 1 1
0 1 1 0
1 1 1 1

Table 10110101
--------------------------------------------------------------------------------
0 0 0 1
1 0 0 0
0 1 0 1
1 1 0 0
0 0 1 1
1 0 1 1
0 1 1 0
1 1 1 1

Table 10110110
--------------------------------------------------------------------------------
0 0 0 0
1 0 0 1
0 1 0 1
1 1 0 0
0 0 1 1
1 0 1 1
0 1 1 0
1 1 1 1

Table 10110111
--------------------------------------------------------------------------------
0 0 0 1
1 0 0 1
0 1 0 1
1 1 0 0
0 0 1 1
1 0 1 1
0 1 1 0
1 1 1 1

Table 10111000
--------------------------------------------------------------------------------
0 0 0 0
1 0 0 0
0 1 0 0
1 1 0 1
0 0 1 1
1 0 1 1
0 1 1 0
1 1 1 1

Table 10111001
--------------------------------------------------------------------------------
0 0 0 1
1 0 0 0
0 1 0 0
1 1 0 1
0 0 1 1
1 0 1 1
0 1 1 0
1 1 1 1

Table 10111010
--------------------------------------------------------------------------------
0 0 0 0
1 0 0 1
0 1 0 0
1 1 0 1
0 0 1 1
1 0 1 1
0 1 1 0
1 1 1 1

Table 10111011
--------------------------------------------------------------------------------
0 0 0 1
1 0 0 1
0 1 0 0
1 1 0 1
0 0 1 1
1 0 1 1
0 1 1 0
1 1 1 1

Table 10111100
--------------------------------------------------------------------------------
0 0 0 0
1 0 0 0
0 1 0 1
1 1 0 1
0 0 1 1
1 0 1 1
0 1 1 0
1 1 1 1

Table 10111101
--------------------------------------------------------------------------------
0 0 0 1
1 0 0 0
0 1 0 1
1 1 0 1
0 0 1 1
1 0 1 1
0 1 1 0
1 1 1 1

Table 10111110
--------------------------------------------------------------------------------
0 0 0 0
1 0 0 1
0 1 0 1
1 1 0 1
0 0 1 1
1 0 1 1
0 1 1 0
1 1 1 1

Table 10111111
--------------------------------------------------------------------------------
0 0 0 1
1 0 0 1
0 1 0 1
1 1 0 1
0 0 1 1
1 0 1 1
0 1 1 0
1 1 1 1

Table 11000000
--------------------------------------------------------------------------------
0 0 0 0
1 0 0 0
0 1 0 0
1 1 0 0
0 0 1 0
1 0 1 0
0 1 1 1
1 1 1 1

Table 11000001
--------------------------------------------------------------------------------
0 0 0 1
1 0 0 0
0 1 0 0
1 1 0 0
0 0 1 0
1 0 1 0
0 1 1 1
1 1 1 1

Table 11000010
--------------------------------------------------------------------------------
0 0 0 0
1 0 0 1
0 1 0 0
1 1 0 0
0 0 1 0
1 0 1 0
0 1 1 1
1 1 1 1

Table 11000011
--------------------------------------------------------------------------------
0 0 0 1
1 0 0 1
0 1 0 0
1 1 0 0
0 0 1 0
1 0 1 0
0 1 1 1
1 1 1 1

Table 11000100
--------------------------------------------------------------------------------
0 0 0 0
1 0 0 0
0 1 0 1
1 1 0 0
0 0 1 0
1 0 1 0
0 1 1 1
1 1 1 1

Table 11000101
--------------------------------------------------------------------------------
0 0 0 1
1 0 0 0
0 1 0 1
1 1 0 0
0 0 1 0
1 0 1 0
0 1 1 1
1 1 1 1

Table 11000110
--------------------------------------------------------------------------------
0 0 0 0
1 0 0 1
0 1 0 1
1 1 0 0
0 0 1 0
1 0 1 0
0 1 1 1
1 1 1 1

Table 11000111
--------------------------------------------------------------------------------
0 0 0 1
1 0 0 1
0 1 0 1
1 1 0 0
0 0 1 0
1 0 1 0
0 1 1 1
1 1 1 1

Table 11001000
--------------------------------------------------------------------------------
0 0 0 0
1 0 0 0
0 1 0 0
1 1 0 1
0 0 1 0
1 0 1 0
0 1 1 1
1 1 1 1

Table 11001001
--------------------------------------------------------------------------------
0 0 0 1
1 0 0 0
0 1 0 0
1 1 0 1
0 0 1 0
1 0 1 0
0 1 1 1
1 1 1 1

Table 11001010
--------------------------------------------------------------------------------
0 0 0 0
1 0 0 1
0 1 0 0
1 1 0 1
0 0 1 0
1 0 1 0
0 1 1 1
1 1 1 1

Table 11001011
--------------------------------------------------------------------------------
0 0 0 1
1 0 0 1
0 1 0 0
1 1 0 1
0 0 1 0
1 0 1 0
0 1 1 1
1 1 1 1

Table 11001100
--------------------------------------------------------------------------------
0 0 0 0
1 0 0 0
0 1 0 1
1 1 0 1
0 0 1 0
1 0 1 0
0 1 1 1
1 1 1 1

Table 11001101
--------------------------------------------------------------------------------
0 0 0 1
1 0 0 0
0 1 0 1
1 1 0 1
0 0 1 0
1 0 1 0
0 1 1 1
1 1 1 1

Table 11001110
--------------------------------------------------------------------------------
0 0 0 0
1 0 0 1
0 1 0 1
1 1 0 1
0 0 1 0
1 0 1 0
0 1 1 1
1 1 1 1

Table 11001111
--------------------------------------------------------------------------------
0 0 0 1
1 0 0 1
0 1 0 1
1 1 0 1
0 0 1 0
1 0 1 0
0 1 1 1
1 1 1 1

Table 11010000
--------------------------------------------------------------------------------
0 0 0 0
1 0 0 0
0 1 0 0
1 1 0 0
0 0 1 1
1 0 1 0
0 1 1 1
1 1 1 1

Table 11010001
--------------------------------------------------------------------------------
0 0 0 1
1 0 0 0
0 1 0 0
1 1 0 0
0 0 1 1
1 0 1 0
0 1 1 1
1 1 1 1

Table 11010010
--------------------------------------------------------------------------------
0 0 0 0
1 0 0 1
0 1 0 0
1 1 0 0
0 0 1 1
1 0 1 0
0 1 1 1
1 1 1 1

Table 11010011
--------------------------------------------------------------------------------
0 0 0 1
1 0 0 1
0 1 0 0
1 1 0 0
0 0 1 1
1 0 1 0
0 1 1 1
1 1 1 1

Table 11010100
--------------------------------------------------------------------------------
0 0 0 0
1 0 0 0
0 1 0 1
1 1 0 0
0 0 1 1
1 0 1 0
0 1 1 1
1 1 1 1

Table 11010101
--------------------------------------------------------------------------------
0 0 0 1
1 0 0 0
0 1 0 1
1 1 0 0
0 0 1 1
1 0 1 0
0 1 1 1
1 1 1 1

Table 11010110
--------------------------------------------------------------------------------
0 0 0 0
1 0 0 1
0 1 0 1
1 1 0 0
0 0 1 1
1 0 1 0
0 1 1 1
1 1 1 1

Table 11010111
--------------------------------------------------------------------------------
0 0 0 1
1 0 0 1
0 1 0 1
1 1 0 0
0 0 1 1
1 0 1 0
0 1 1 1
1 1 1 1

Table 11011000
--------------------------------------------------------------------------------
0 0 0 0
1 0 0 0
0 1 0 0
1 1 0 1
0 0 1 1
1 0 1 0
0 1 1 1
1 1 1 1

Table 11011001
--------------------------------------------------------------------------------
0 0 0 1
1 0 0 0
0 1 0 0
1 1 0 1
0 0 1 1
1 0 1 0
0 1 1 1
1 1 1 1

Table 11011010
--------------------------------------------------------------------------------
0 0 0 0
1 0 0 1
0 1 0 0
1 1 0 1
0 0 1 1
1 0 1 0
0 1 1 1
1 1 1 1

Table 11011011
--------------------------------------------------------------------------------
0 0 0 1
1 0 0 1
0 1 0 0
1 1 0 1
0 0 1 1
1 0 1 0
0 1 1 1
1 1 1 1

Table 11011100
--------------------------------------------------------------------------------
0 0 0 0
1 0 0 0
0 1 0 1
1 1 0 1
0 0 1 1
1 0 1 0
0 1 1 1
1 1 1 1

Table 11011101
--------------------------------------------------------------------------------
0 0 0 1
1 0 0 0
0 1 0 1
1 1 0 1
0 0 1 1
1 0 1 0
0 1 1 1
1 1 1 1

Table 11011110
--------------------------------------------------------------------------------
0 0 0 0
1 0 0 1
0 1 0 1
1 1 0 1
0 0 1 1
1 0 1 0
0 1 1 1
1 1 1 1

Table 11011111
--------------------------------------------------------------------------------
0 0 0 1
1 0 0 1
0 1 0 1
1 1 0 1
0 0 1 1
1 0 1 0
0 1 1 1
1 1 1 1

Table 11100000
--------------------------------------------------------------------------------
0 0 0 0
1 0 0 0
0 1 0 0
1 1 0 0
0 0 1 0
1 0 1 1
0 1 1 1
1 1 1 1

Table 11100001
--------------------------------------------------------------------------------
0 0 0 1
1 0 0 0
0 1 0 0
1 1 0 0
0 0 1 0
1 0 1 1
0 1 1 1
1 1 1 1

Table 11100010
--------------------------------------------------------------------------------
0 0 0 0
1 0 0 1
0 1 0 0
1 1 0 0
0 0 1 0
1 0 1 1
0 1 1 1
1 1 1 1

Table 11100011
--------------------------------------------------------------------------------
0 0 0 1
1 0 0 1
0 1 0 0
1 1 0 0
0 0 1 0
1 0 1 1
0 1 1 1
1 1 1 1

Table 11100100
--------------------------------------------------------------------------------
0 0 0 0
1 0 0 0
0 1 0 1
1 1 0 0
0 0 1 0
1 0 1 1
0 1 1 1
1 1 1 1

Table 11100101
--------------------------------------------------------------------------------
0 0 0 1
1 0 0 0
0 1 0 1
1 1 0 0
0 0 1 0
1 0 1 1
0 1 1 1
1 1 1 1

Table 11100110
--------------------------------------------------------------------------------
0 0 0 0
1 0 0 1
0 1 0 1
1 1 0 0
0 0 1 0
1 0 1 1
0 1 1 1
1 1 1 1

Table 11100111
--------------------------------------------------------------------------------
0 0 0 1
1 0 0 1
0 1 0 1
1 1 0 0
0 0 1 0
1 0 1 1
0 1 1 1
1 1 1 1

Table 11101000
--------------------------------------------------------------------------------
0 0 0 0
1 0 0 0
0 1 0 0
1 1 0 1
0 0 1 0
1 0 1 1
0 1 1 1
1 1 1 1

Table 11101001
--------------------------------------------------------------------------------
0 0 0 1
1 0 0 0
0 1 0 0
1 1 0 1
0 0 1 0
1 0 1 1
0 1 1 1
1 1 1 1

Table 11101010
--------------------------------------------------------------------------------
0 0 0 0
1 0 0 1
0 1 0 0
1 1 0 1
0 0 1 0
1 0 1 1
0 1 1 1
1 1 1 1

Table 11101011
--------------------------------------------------------------------------------
0 0 0 1
1 0 0 1
0 1 0 0
1 1 0 1
0 0 1 0
1 0 1 1
0 1 1 1
1 1 1 1

Table 11101100
--------------------------------------------------------------------------------
0 0 0 0
1 0 0 0
0 1 0 1
1 1 0 1
0 0 1 0
1 0 1 1
0 1 1 1
1 1 1 1

Table 11101101
--------------------------------------------------------------------------------
0 0 0 1
1 0 0 0
0 1 0 1
1 1 0 1
0 0 1 0
1 0 1 1
0 1 1 1
1 1 1 1

Table 11101110
--------------------------------------------------------------------------------
0 0 0 0
1 0 0 1
0 1 0 1
1 1 0 1
0 0 1 0
1 0 1 1
0 1 1 1
1 1 1 1

Table 11101111
--------------------------------------------------------------------------------
0 0 0 1
1 0 0 1
0 1 0 1
1 1 0 1
0 0 1 0
1 0 1 1
0 1 1 1
1 1 1 1

Table 11110000
--------------------------------------------------------------------------------
0 0 0 0
1 0 0 0
0 1 0 0
1 1 0 0
0 0 1 1
1 0 1 1
0 1 1 1
1 1 1 1

Table 11110001
--------------------------------------------------------------------------------
0 0 0 1
1 0 0 0
0 1 0 0
1 1 0 0
0 0 1 1
1 0 1 1
0 1 1 1
1 1 1 1

Table 11110010
--------------------------------------------------------------------------------
0 0 0 0
1 0 0 1
0 1 0 0
1 1 0 0
0 0 1 1
1 0 1 1
0 1 1 1
1 1 1 1

Table 11110011
--------------------------------------------------------------------------------
0 0 0 1
1 0 0 1
0 1 0 0
1 1 0 0
0 0 1 1
1 0 1 1
0 1 1 1
1 1 1 1

Table 11110100
--------------------------------------------------------------------------------
0 0 0 0
1 0 0 0
0 1 0 1
1 1 0 0
0 0 1 1
1 0 1 1
0 1 1 1
1 1 1 1

Table 11110101
--------------------------------------------------------------------------------
0 0 0 1
1 0 0 0
0 1 0 1
1 1 0 0
0 0 1 1
1 0 1 1
0 1 1 1
1 1 1 1

Table 11110110
--------------------------------------------------------------------------------
0 0 0 0
1 0 0 1
0 1 0 1
1 1 0 0
0 0 1 1
1 0 1 1
0 1 1 1
1 1 1 1

Table 11110111
--------------------------------------------------------------------------------
0 0 0 1
1 0 0 1
0 1 0 1
1 1 0 0
0 0 1 1
1 0 1 1
0 1 1 1
1 1 1 1

Table 11111000
--------------------------------------------------------------------------------
0 0 0 0
1 0 0 0
0 1 0 0
1 1 0 1
0 0 1 1
1 0 1 1
0 1 1 1
1 1 1 1

Table 11111001
--------------------------------------------------------------------------------
0 0 0 1
1 0 0 0
0 1 0 0
1 1 0 1
0 0 1 1
1 0 1 1
0 1 1 1
1 1 1 1

Table 11111010
--------------------------------------------------------------------------------
0 0 0 0
1 0 0 1
0 1 0 0
1 1 0 1
0 0 1 1
1 0 1 1
0 1 1 1
1 1 1 1

Table 11111011
--------------------------------------------------------------------------------
0 0 0 1
1 0 0 1
0 1 0 0
1 1 0 1
0 0 1 1
1 0 1 1
0 1 1 1
1 1 1 1

Table 11111100
--------------------------------------------------------------------------------
0 0 0 0
1 0 0 0
0 1 0 1
1 1 0 1
0 0 1 1
1 0 1 1
0 1 1 1
1 1 1 1

Table 11111101
--------------------------------------------------------------------------------
0 0 0 1
1 0 0 0
0 1 0 1
1 1 0 1
0 0 1 1
1 0 1 1
0 1 1 1
1 1 1 1

Table 11111110
--------------------------------------------------------------------------------
0 0 0 0
1 0 0 1
0 1 0 1
1 1 0 1
0 0 1 1
1 0 1 1
0 1 1 1
1 1 1 1

Table 11111111
--------------------------------------------------------------------------------
0 0 0 1
1 0 0 1
0 1 0 1
1 1 0 1
0 0 1 1
1 0 1 1
0 1 1 1
1 1 1 1

