False 00
--------------------------------------------------------------------------------
0 0
1 0

Not 01
--------------------------------------------------------------------------------
0 1
1 0

Identity 10
--------------------------------------------------------------------------------
0 0
1 1

True 11
--------------------------------------------------------------------------------
0 1
1 1

Table 00
--------------------------------------------------------------------------------
0 0
1 0

Table 01
--------------------------------------------------------------------------------
0 1
1 0

Table 10
--------------------------------------------------------------------------------
0 0
1 1

Table 11
--------------------------------------------------------------------------------
0 1
1 1

